[ 555 2592]
[ 141 2910]
[  99 3425]
[ 128 4049]
[ 290 4816]
[ 343 3075]
[ 582 4543]
[ 351 1947]
[ 356 2481]
[346 902]
[ 356 1422]
[ 658 3871]
[ 313 3174]
[ 310 3742]
[ 427 4986]
[456 235]
[648 300]
[ 582 2244]
[ 693 1225]
[ 669 1745]
[ 579 2183]
[ 671 2349]
[ 609 5235]
[ 738 5141]
[ 885 2137]
[ 885 4136]
[886 831]
[1132 2888]
[ 879 3755]
[ 944 4913]
[1018  258]
[ 898 5204]
[1132 4844]
[1089 1809]
[1096 2969]
[1100 2272]
[1100 2482]
[1112 5216]
[1384 3630]
[1403 3039]
[1362 1365]
[1336 2066]
[1407 2504]
[1348  796]
[1679 2343]
[1663 1651]
[1681 2832]
[1681 3372]
[1681 3913]
